$ANSIBLE_VAULT;1.1;AES256
66353336663233386166353938653136333431623538323938666535663237346537366334616133
6461636461383034326539323061636439376361653361620a383535363265643338663462333838
39326636393734623330393166383033353836316132363461343139346462303233346637303131
3464376230303335620a363333643763376632353131663333656235316231393964313762356432
63643863663764323037653962383732653831353763356530613030663165666133626664613930
33323861326637353438393235646338653066393265663937343033346361376132663232623431
66653132326435383236373331633764383264353236666433333064613033326562333163636663
35306663646636326337623235313437643333643537626233313566383866343539613435376266
36343562376333616636323939656133383330623237383739663531383061663466313438383461
64656532386238346262643532396339396662393438633764613165623937636533393035383139
62323362346337653636333634653531656633363835636636626161326634323434383361636566
36346466666665666133626530636531343736343037323634336131623731353466376437323832
38363336323161393363373134623538326133636661363432636261343632353163633832623565
30373562613062663533353935366265306532306433366334353162333738313561333564643336
39666564656563633635366639663732326363333662336533613062366665383436626264336662
33653264396662646566316662643932393233333830306565386463366463383864396238383539
35633336636337313738643563346435613663373335346233373061656633636135356164313134
63346263613033343438633930623265316230616431623865393430326439373061323230616337
63363366303131396361633139646137663766333335643135313238646561613663333061626234
39373131323734633531393863353334623264346263636431633961663064643237303165346632
37363664363936316331373836616334316531386133323037323239353164336237633736663862
36386432313166356438356138376233666266373361653138313033643831663530376334666636
62303038303137313762333364316235646632313961646133376462306235306632613364373565
65653365326531613264613566353636613135663739323531323230333830656139373835663236
61643565346464663462323534363165303630643738353466323435306639666636623433343530
66353537353638633765316165353230373563356239336164643433383236336532386561653139
37313330393061343834303433346234646463343762356639366132616461323965383662666461
61643033366665376637643564623234653236393333386239333563303763386335373237333837
38316130373233623938343363396263316362383965643465653163373532636433356631623237
35316535666336366333653535653831323332623737663831363331613061393166663765306466
37333535373934393166326664616539363633383465306332643462616538393963666366366330
31386166323439626133643630303537343163303766376237333833376135393633626166396664
61396163653439336231313663313837613161643831333632343662343232313131393462386436
37666536333366313165313338636236643930623631333133656566613066623030663365383735
65366366656335323665303032643236623837303961653231373366333566623264663263656363
31323733653131623733346261396133353538396233646339373533363961393537626135623032
37363437396633343637313839663634636437333733353134643165653330373964333131343366
38616630613432343764623065323833356230343330323339646139626133636361366562303761
38303739663933333233666537663632663564626234373966623231393130333562333035643462
63303531613432353539626237333138323231356333633363393931313834343536383934336233
31646538396462653962633831363630646333373733663730626562653462386232666131323565
35646535626565393438616663326662343430316434363635373336646464363635613164373235
63316432623064623638386366383262336365343364666237313935643066323961316637363736
31653239326565613139396638396234663633653435326439383633393734663837323033663637
35303637313830633063306237356130346361616165636361386532343439646630653663646562
30626435623131633935383663653830663737373339613837653536613235306163383730346138
36633038323135656233353133613366356366306264613662636632346261653062653864643334
36363664333465373330373837633633373431373262346565376165306165383735303931656565
34656231623466386539313934623462643432396666313932663165363930313465303232653139
36363063366165353236666661363730393439306236326437396465363036626338653139303262
35363762613962636336623835373464363561623933616238383531386137303536346439323663
39343033383433346536333332383962383737636363306564363633363338653134623436636133
34353938313232623866373630356665323335303263633633326638663030663431373937353534
65633762393430353436613565303066373963666538343635373337663531653365343262346237
63366264383439643663663832616432313132383664383836333466323734626562326132396132
32613339363366643036363439653031343461613732353663323837383530656337316138343833
30653234623664643338663265373937643139323033303831656461343239383966623935663964
34383963316634373536346238653038363065336333653361373432393332353666396230336339
35666435336361643535646231323037363132643865633664623965366666626431316135393136
34396163386561663466373936396233623134383636363839653262616338326233386161346261
36643533663836323065386335613165653731626238373636356532653765363731313536353239
39646138343430646562643135343239633433623433313563353366353262303831643661633366
61343431373937633936393266636238393037333532323438373637373237353165323565323432
36373433313932663231323039333837643439653161343334653832333562363536323533636530
30346433383662646663303338323264373036393030306561643934306162313964643133333863
64633732336139316532396565663937396161356232383031343966616635316336633961613839
37336332373665383230623937306133333031363565343937333364366130313665316539636463
62633339613731633636633861366665363335363064663833313663646132356431316532663666
36313436623861383036633961323131636163666233373664363936626234663538393338643362
36323935376333636431343236306132303638626336646539306335316538353533653036316337
63323636343630326232653462313230343734366266376236343737623563626263613262333862
38383834636561306163646530663339633735323066636333366233393063613438323566363038
34383530303939626261313566373530303634386266363231346139653632303163353661653430
64393332613062343565353566626331396461666666643162353737373462326331393636663931
65323138396535636433313830653932633466393866383261383962306166626535366130386563
30393861366663643865393837353734616363313639373265373535396130303039313330346439
39396137353062373164343866333934353035346465396265383639613731653363613066333432
33663431643666303431356639316364363335343463656334313330303265623837316162613434
64306165393265383866633233336431306433646338383964643632616536373638393361643830
34663439366231623931313666326634303863356636633764613265393463313464343861386663
31626530343337653437656536653631633236666435653631303034313136336236346265343565
62633436373766336563663838373862303465646633363262313937653861353932373663393135
37396261393061663633313166646165376338363036313966353463653463646332653062383737
38363864306434346334376431633662626163376537393330376235666339626239383832343937
64316534333738353636636466623932613831376239366137643838616335663930643433393361
3861613835393338626338393835656634653666363337333433
