$ANSIBLE_VAULT;1.1;AES256
62336164363937376164643230663239376263653065393933313664323932393839373932313465
3538363065393361346266326136663130396562666534320a616562656334666630623364376635
30646135663437653164303539656465323836633233616161323961636263303932666461363139
3335386431353539330a626261373962666634376132666335353539316331643261386664383962
66666234646366663934386338653466313738393637326262626362663230393666363433623035
38323662653431373661303561313135396130653965313736306238383236653864363334623739
33663731643438353062633061356332366530633338623132333861306463636333633938613034
33663830623230353534626335643838356436636337346263623536633765663132383537363432
36643635306161313764313664366636383966653462373033633362366138396538613464616161
39326430316631373365643832313435353432663235363363633066373030306666656561393437
35343765376665336366643433613663326639633263373961393134336333613031303363663439
36633437396631653230343738326630663034343161353030366563396237383962656336666533
34653164383433663136326230323634646435343437646461613631386337333939393731393966
63623464656366356565396332633931653161376265643834663130363961656266336566353263
39656465386366623431663835373931663737306231653132316466643866636364636432373366
32656139656465663437303639356561353364633065363433666361663031363838326365383539
64636137613435386134336664663931613437353664373638653138663432396266323264636431
66623566316536363632613532633165316333616536633938643863313063343139376531333038
35353365386461353964646266336166383361346463656231313934313638383164396161356431
33383430616261633737653735646364343263333733616664313864353766623238303236333236
63613661383164373162363532663932393434363332343864336233366230363130643533653837
36643237343263376130393964363837626439356466393533663466303233643662306537656164
33656165303466613465386238633431313037306533626463353631373433616236346461363264
65316262353862306537373235626338363332643330303439326633343435333631366363363666
36343666333963326237633766363264363431303634646566653432356365326431303330363064
39363733313564666163393262323162393336383232666163326263303965366162626239623566
38313361383964653133333336343933663264623336396166656133373036376230623836363835
66653636663535623761313964353139316636393437656565616262643931643830383832653365
61313565343764653961623630386131386262356566366263643933363739653535653032306130
31383735333465373561646534613636323530323131653862646130333936316236373963653732
65303038633639366330396261656238616563376338373365363539346463333564313966313439
62663734303139386161376333306262336137653434623263316662613861396465346639663364
63633839373639393166666565326463633639383666626337626135333933666464643037663235
62393263333535666163643363353061623839303435623834383061383363373931333864336163
31366261643765333437393462643762306330373365376636313732386131396132633931613737
63646130376238303233343961353231626164656265306531306364306132386438306434316361
64313735623539386432393037326565663630643566643534353334646132356631633930373635
36323734343833626462646162306234353735373136623433366331333939663461616163646634
33663937623962393463633633383730643331383666613837616233663966333232653430313364
32646665356266323564396638646433616435656535623866383331663735643038306561356334
63613830626437366561613465623463613039306436313366313437623064353837363265326664
36613265343435313966383637366330343430373962366138653063633131323331663066353564
63373466613231313833343433353637633639633038633037376332626534643537373030643834
39353534303538356439663733623935356132383438353637656437343530636331393837343534
31643137313762666466643161323130636331363366383664316638613339663930353665626339
61373531326432623735356232343864373263653537356263393539353665363066386631366363
65303636323066353537666432383230396236623561393763306464323263636639303564396366
32383439353733653630336665613265326463366662386565663239653033626564333231303636
35633130623836376565333333326362653533376239363430303761623439316661366336366132
31316532656265323761633730396363393236363130643638653562346462383831356536666262
35613334656164663463643232346130326165656436393334636432323836626138363434316666
38376666623731323232653032646361376162373965363639343266346335663661643336363136
33643863393035303037343339393633353262386533396438376562656163643037396633646366
61386561653936363133633266656135373561373637666336323134336564323433636364333162
36373134623134656466396430643630646435306338633336363831663435336334663136386131
30643635623163336563656234656432393532306336333565373330313539326237306634663861
31363735313635633931376133343237303765313234656162383063383838613637343365663661
39383263663636336235656233626466633039363638383066326565336363303334613962366433
65323239646239303431623738616466343965313964663534383532396132353732303734356432
61663138653437323530373539613861306130336330353933333936643663633366356664336432
32313535303161643338613033633033396565386333393532633438623338313333383165653162
38373931616263613866346537333937326430373236343536396234373062303530313464373534
35633162353832666135393432663163313132386331303432656139336263626136373963343365
37656232376232663433613261323338633334386339376434656532323533303463353535646636
38613262343732363161313337323130623738383139353262333339303034346638376137656630
37646635623333366132383764626538653734353730313766353432333262386362356363333538
61626639383030666166306634343135613466373331643536643163303133633838643630626562
61623463656461646364356562653637333031656539373964393462313564653363366366323665
39356565663138636335323666346466323033393937353939313136393431383133313162393336
34346332656463646365643462393434306166363234353236373661396166373336313931383636
35393063376462393832653865363035316530326165303338643932623866393666636336356638
34373932653830343466623134633264323665653036356662333632353431303239316234363535
38363064616464363932326433366334326665373366323661396563326433643330616130346633
35636133343933396436613662666263376538626365313566313136386236373930656565633932
38666336393466613366373631626265626232656138383534383232376231626231303862333833
62393337323632633535643332326235313434356366353032393166653838643961316366333139
30643762626538353562366134653465633032626239306562306436336363626366356131616262
31643939386466323631663835386135336162303833386661623137646336313331333931303036
62656138616235623830366535303461386632616133626537393661333934393334323739646137
35643938653736353938653439396161333234363335643533353537313361313838346236316362
66313466633530373930306238373038316234623361383236386232663461643036383466353263
64313735656463316464666333353431623133626433653030633135653166616234653136383330
30353961393565643366646562393133323963656161656438393265393561393163346236343230
39643437636130323863623134396132356436663336653330343466336462343339383137346439
34623638656566393461653438646563363536646238363765646636396230613164303161656163
64303661633966383637623333313432643139363937363336613238343734613436383166313334
38616439613865656465336238353638383830383438393063623336316137633963383031373437
61653963356437663065
