$ANSIBLE_VAULT;1.1;AES256
39616266643036613134383461366462376338646130333835353331626536336535613731306662
3537303331303166666135343534393830643966353266390a373539646332663839363238336332
31666336616133353334343131376637643463666139393262313233306335613038376561393761
3463313563323131640a326433643139656261663465636331336639663239623534353131356136
66616238333838323863326566656435343366393038343538323735643937333335333030356334
36373833626266303963376263386138333366326366646238643230613239333932393531323839
37393538633733343632363630313431616234643934323830333238353030373264343332313034
62366562623733323863663764616130336136376230613431396565376131643334643261356538
30373638376636613164666261313337363665346564653834396236333162326239313835363964
63343562323133393630376431393166363530643364373666316634636163376633383832646437
32323734303363343235626131643430666534616331393833383363656330653765333732613266
35616662323361386565623263656532663632623431626334383931346266353438303262323034
36633866353631303732373063356163663566363365366461373534646134633733353337616436
65633834333261386431346330633566633266306162636635613831653063333032643132393261
65316362393464666361303331316166393265343033393266663961613665643664646239616365
34626165346665333633393137336163633763373264623039396665313334636234646164343235
35336663623563313365303563393163343239646365623638336436626535343262636562303262
61373565633464346138633338366163643064653566366536626431376265626335376336663661
39366536306139663436336632313636366465396436666132336437333733326564653933363461
34353261636632633737386139613366373739613465663234646533336261386634643865303135
64643638623466303838323732333961396265393531363036333561643432333463393635613836
33336435366565343436646465633739663036326431323763323334306537356239356232656462
65346437623236616237666565336561376132353738313539316166373035396333616335396361
62636362336533346634636365353439356337633738653762346365356133323234396366363862
31373931663263353263316364656439343566323063626663333438633733356633616435653663
63383432326463326363666235666238313561376163633563663336386434346163383630633866
37343163313831383364393463333235393839353961396531636538633736333234356335383165
33353261346239393031343331353731633261636436343033336465393834646466623366326362
33353132386264613733313439353237656564396237633561643664373232346139336437313633
34306133353137323230656438313332626534343761366462626632656330633031356433306166
61396239666130386466313862313662306231653035353931613835373161313965613066633066
61646632343362333136356635643739396539633838363261646631643362653836623634333634
61323461393031343664663664323733306235303439643336613736633238373062306462303261
63356265623434386165333632366139303562336666303063666466613561646163333161346664
32383437353337626138366661613564666133326161616535386134366239396261343561333832
38333332633364653563643863383936633566613366386536373438363863373264333835373534
34343938353564396664323234366438333766366439373465373863303462373631643663623936
39623663663938303333343264633766643630386539366464343861333461373739396361663161
65636333663639626137613466633933643965303931386535323336306630363430386631643766
64626531616636313337323565356138333630626662343463663733346233343436313034633666
65376464653332326438313765373337306235343666616137383861643332643438626663633735
66386163326430643465663536323864316362613638383830393861646239353631373030316533
34386132636231336262323830343239356131626630353739316630663866663030393930313861
39653436363633356362373137313437386465396535366164636163653130633366646635636163
34333733393233323231353939303039356439366138663837396230363532616139363666643330
33383962346366323935353661666433393831353237373666323436363733633334353436663634
37313662373333653563656165663937653037313762343637633761333034306632316532316562
39373863336538373562
